AKEBONO (EXOS-D)        
1 19822U 89016A   19291.75227984  .00018067  74579-6  31507-3 0  9991
2 19822  75.0310   3.7601 1770938 322.8542  26.1832 11.99993954 10381
HST                     
1 20580U 90037B   19290.90277208  .00000406  00000-0  13785-4 0  9998
2 20580  28.4686 130.4028 0002660 353.1410 136.8485 15.09282302419135
POLAR                   
1 23802U 96013A   19291.32599896  .00000092  00000-0  00000+0 0  9997
2 23802  78.7069 253.2564 6572513 291.3598  13.0021  1.29845555113238
SWAS                    
1 25560U 98071A   19290.58493396  .00000061  00000-0  14334-4 0  9997
2 25560  69.8975 277.1854 0009533 326.5197  33.5355 14.93783268132822
ORSTED                  
1 25635U 99008B   19291.15080790  .00000048  00000-0  18823-4 0  9997
2 25635  96.4804   7.3376 0139904  47.3799 313.9097 14.48170206 89670
CXO                     
1 25867U 99040B   19293.51433839  .00000833  00000-0  00000+0 0  9993
2 25867  66.1526 272.9545 7373614 231.6179   0.4228  0.37804245 19289
XMM-NEWTON              
1 25989U 99066A   19291.23491826 -.00000014  00000-0  00000+0 0  9995
2 25989  71.0717 328.3015 7464540  94.4489 359.5658  0.50133693 25163
TERRA                   
1 25994U 99068A   19291.69816651 -.00000290  00000-0 -54235-4 0  9991
2 25994  98.1984   4.3661 0001617  95.7319 264.4049 14.57113962 54961
CLUSTER II-FM7 (SAMBA)  
1 26410U 00041A   19292.35308485  .00000280  00000-0  00000+0 0  9996
2 26410 131.4182 339.8219 4190712 176.4982   0.9445  0.44207870 21277
CLUSTER II-FM6 (SALSA)  
1 26411U 00041B   19292.28559199  .00000000  00000-0  00000-0 0  9990
2 26411 131.0074 340.9648 5315661 183.3953   1.0031  0.44222488 20398
CLUSTER II-FM5 (RUMBA)  
1 26463U 00045A   19292.55039993  .00000240  00000-0  00000-0 0  9992
2 26463 134.6325 340.3106 4952906 182.6808   0.9565  0.44305877  9442
CLUSTER II-FM8 (TANGO)  
1 26464U 00045B   19288.98704997  .00000326  00000-0  00000+0 0  9992
2 26464 131.4100 339.7936 4189162 176.3989 187.8649  0.44221011 57176
ODIN                    
1 26702U 01007A   19291.26011003 -.00000056  00000-0  44432-6 0  9995
2 26702  97.5699 307.1702 0011517  28.2294 331.9556 15.07886498 20174
TIMED                   
1 26998U 01055B   19290.84096733  .00000088  00000-0  13633-4 0  9992
2 26998  74.0729  58.1392 0001883 246.3273 113.7710 14.88138688968255
RHESSI                  
1 27370U 02004A   19290.89972415  .00001602  00000-0  55283-4 0  9997
2 27370  38.0325 235.9299 0011591 151.8126 208.3274 15.31921896976959
INTEGRAL                
1 27540U 02048A   19276.40000000  .00000517  00000-0  00000+0 0  9993
2 27540  50.7010 135.2800 8846573 282.4460 346.1960  0.37581045 17425
CORIOLIS                
1 27640U 03001A   19291.15043733 -.00000003  00000-0  19345-4 0  9991
2 27640  98.7322 299.2641 0014492  20.6746  20.7581 14.19019967868912
SORCE                   
1 27651U 03004A   19290.38227218  .00000060  00000-0  20506-4 0  9995
2 27651  39.9951 251.0604 0022295 106.7055 253.6183 14.89040947907843
MOST                    
1 27843U 03031D   19291.13950813 -.00000023  00000-0  94188-5 0  9994
2 27843  98.7125 296.9940 0011095  76.9635 283.2780 14.20597484845055
SCISAT 1                
1 27858U 03036A   19291.55363504  .00000047  00000-0  11613-4 0  9992
2 27858  73.9319 304.3270 0008715 217.1589 142.8983 14.77261908871788
SWIFT                   
1 28485U 04047A   19291.14875937  .00000822  00000-0  25789-4 0  9995
2 28485  20.5572 287.9356 0010957 218.8471 141.1175 15.04458580816806
FORMOSAT-3 FM6          
1 29047U 06011A   19291.79984494  .00000023  00000-0  25295-4 0  9998
2 29047  71.9779 245.2372 0048411 121.5408 239.0470 14.28698438706683
FORMOSAT-3 FM1          
1 29048U 06011B   19291.74261530  .00000076  00000-0  46233-4 0  9996
2 29048  71.9657 156.5574 0042089  77.2217 283.3618 14.28657727709143
FORMOSAT-3 FM5          
1 29049U 06011C   19291.47715999  .00000054  00000-0  37544-4 0  9991
2 29049  72.0205 327.3641 0032902 108.3842 252.0877 14.28741990704894
FORMOSAT-3 FM3          
1 29050U 06011D   19291.13180007  .00000152  00000-0  42223-4 0  9991
2 29050  72.0142 139.0190 0048699  45.4418 315.0694 14.58842679720943
FORMOSAT-3 FM4          
1 29051U 06011E   19291.41208992  .00000103  00000-0  55872-4 0  9997
2 29051  72.0056 230.0103 0068993 343.4345  16.4536 14.28769168707471
FORMOSAT-3 FM2          
1 29052U 06011F   19291.63920542  .00000040  00000-0  31953-4 0  9998
2 29052  72.0333 303.0311 0038163  65.6420 294.8693 14.28869278705832
CLOUDSAT                
1 29107U 06016A   19291.12847974  .00000055  00000-0  20297-4 0  9990
2 29107  98.1989 234.6375 0002874  74.4334 285.7184 14.62339369716927
CALIPSO                 
1 29108U 06016B   19291.12803105  .00000093  00000-0  27808-4 0  9996
2 29108  98.1981 234.4520 0001226  83.0276 277.1065 14.62343792716772
HINODE (SOLAR-B)        
1 29479U 06041A   19290.66761613  .00000055  00000-0  19338-4 0  9997
2 29479  98.1671 299.2491 0018162  58.4066 301.8907 14.65019797698200
SJ-6C                   
1 29505U 06046A   19291.73368881  .00000524  00000-0  53568-4 0  9995
2 29505  97.8260 301.2233 0005355 107.0780 253.0981 14.94746984707356
SJ-6D                   
1 29506U 06046B   19291.73607258  .00000354  00000-0  39111-4 0  9999
2 29506  97.8462 301.2092 0001751 161.8840 198.2396 14.93473458706941
AGILE                   
1 31135U 07013A   19290.18004328  .00002314  00000-0  36912-4 0  9996
2 31135   2.4683 302.8586 0012206 320.6361  39.2807 15.31826579694513
AIM                     
1 31304U 07015A   19291.06333586  .00000567  00000-0  35914-4 0  9994
2 31304  97.9378 159.2746 0006542 105.1346 255.0607 15.13250910683871
FGRST (GLAST)           
1 33053U 08029A   19291.46061273  .00000501  00000-0  11897-4 0  9990
2 33053  25.5832 315.0547 0012727  75.1340 285.0604 15.11262917626537
WISE                    
1 36119U 09071A   19291.03691763  .00000551  00000-0  21698-4 0  9995
2 36119  97.3605 325.1334 0003361 140.5583 219.5903 15.29764679546608
SDO                     
1 36395U 10005A   19291.54410441 -.00000043  00000-0  00000+0 0  9994
2 36395  29.9181 125.4465 0001638  47.3924 308.0160  1.00274385 35626
CRYOSAT 2               
1 36508U 10013A   19291.70853740  .00000019  00000-0  39635-5 0  9994
2 36508  92.0321  48.8651 0005810 335.1057  24.9869 14.52174004505029
X-SAT                   
1 37389U 11015C   19291.74701743 -.00000016  00000-0  11209-4 0  9998
2 37389  98.4727 351.2203 0012955 280.8916  79.0802 14.24378236441736
GCOM-W1 (SHIZUKU)       
1 38337U 12025A   19291.03913580  .00000059  00000-0  23097-4 0  9994
2 38337  98.2042 229.4701 0001660  39.1858  13.0179 14.57092784394557
NUSTAR                  
1 38358U 12031A   19290.46256607  .00000992  00000-0  30064-4 0  9998
2 38358   6.0261 241.2557 0011956 331.3240  28.6232 14.88204037399605
RBSP A                  
1 38752U 12046A   19290.12033606  .00002634  00000-0  40918-3 0  9990
2 38752   9.7640 144.4235 6935179 209.2177  81.7860  2.73879931 69840
RBSP B                  
1 38753U 12046B   19291.13000051  .00001433  00000-0  25385-3 0  9998
2 38753   9.8185 158.4484 6943075 182.1105 171.6933  2.72638891 69332
NEOSSAT                 
1 39089U 13009D   19291.12157061  .00000004  00000-0  16738-4 0  9990
2 39089  98.4849 132.5969 0010271 293.5372  66.4734 14.34479208347679
IRIS                    
1 39197U 13033A   19291.67963509  .00000069  00000-0  16645-4 0  9997
2 39197  97.9526 111.5611 0026512 296.2392  63.6094 14.78663611340226
HISAKI (SPRINT-A)       
1 39253U 13049A   19291.18800372 -.00000020  00000-0 -11189-3 0  9997
2 39253  29.7208 350.3467 0137303  90.5298 271.1008 13.55218599302035
CASSIOPE                
1 39265U 13055A   19291.39218300  .00002582  00000-0  74098-4 0  9996
2 39265  80.9711 208.2656 0664637 292.8137  60.4172 14.28243269313071
STSAT-3                 
1 39422U 13066G   19291.77672490  .00000110  00000-0  16978-4 0  9997
2 39422  97.5444 331.1218 0021693 282.3989  77.4771 14.89765122321000
SWARM B                 
1 39451U 13067A   19291.14390851  .00000299  00000-0  11655-4 0  9994
2 39451  87.7551 352.7556 0003971  80.6509 279.5185 15.21619546327535
SWARM A                 
1 39452U 13067B   19291.13624028  .00001095  00000-0  22963-4 0  9999
2 39452  87.3534 219.0966 0002393  91.2254 268.9278 15.44086306331677
SWARM C                 
1 39453U 13067C   19291.84907045  .00000293  00000-0  53749-5 0  9997
2 39453  87.3524 220.2723 0002410  91.8140 268.3393 15.44089922331749
BRITE-TORONTO           
1 40020U 14033L   19291.87236920  .00000053  00000-0  17239-4 0  9990
2 40020  97.7380 128.8899 0088546 126.2669 234.6759 14.66593908285215
OCO 2                   
1 40059U 14035A   19291.36958546  .00000025  00000-0  15557-4 0  9993
2 40059  98.2046 230.5158 0001300  78.1789 281.9556 14.57114192281638
BRITE-PL 2              
1 40119U 14049B   19291.18909950  .00000094  00000-0  17641-4 0  9992
2 40119  97.9031  20.7514 0017486 179.5283 180.5950 14.84433516279696
RESURS P2               
1 40360U 14087A   19291.75811549  .00000544  00000-0  19294-4 0  9997
2 40360  97.2564  20.1960 0008864 345.5188 113.4459 15.33244613269125
MMS 1                   
1 40482U 15011A   19282.01074074 -.00000382  00000-0  00000+0 0  9994
2 40482  19.3284 119.6551 8924623  15.7290  53.0333  0.28569138 10496
MMS 2                   
1 40483U 15011B   19285.01567863 -.00000091  00000-0  00000+0 0  9998
2 40483  19.4449 119.6575 8899670  15.7594   1.8109  0.28599750 10481
MMS 3                   
1 40484U 15011C   19282.01327546 -.00000381  00000-0  00000+0 0  9990
2 40484  19.3342 119.7029 8924003  15.6734  53.3158  0.28571430 10472
MMS 4                   
1 40485U 15011D   19291.28421514 -.00000145  00000-0  00000+0 0  9998
2 40485  19.7095 119.6931 8899993  15.8354 286.2247  0.28564926 10504
ASTROSAT                
1 40930U 15052A   19291.02489397  .00000747  00000-0  16019-4 0  9992
2 40930   5.9969 277.3656 0008034  64.1834 295.9122 14.76275995219189
DAMPE                   
1 41173U 15078A   19291.73734913  .00000017  00000-0  35723-5 0  9999
2 41173  97.3117 286.5905 0014928  32.7155  70.0136 15.23818450213435
PISAT                   
1 41784U 16059B   19291.71386092  .00000084  00000-0  25319-4 0  9999
2 41784  98.0555 349.3227 0031814   0.4890 359.6338 14.63458688163400
HXMT (HUIYAN)           
1 42758U 17034A   19291.89003451  .00000080  00000-0  18779-4 0  9997
2 42758  43.0187 286.5207 0012254 300.6871 134.9421 15.08674019129232
FLYING LAPTOP           
1 42831U 17042G   19291.13380364  .00000066  00000-0  12068-4 0  9995
2 42831  97.5478 178.9438 0014740  21.8234 338.3610 14.91042872123037
PICSAT                  
1 43132U 18004X   19291.13272572  .00001153  00000-0  50843-4 0  9991
2 43132  97.4769 358.6527 0009719 178.9455 181.1804 15.23806081 97999
ZHANGZHENG-1 (CSES)     
1 43194U 18015C   19291.75643101  .00000827  00000-0  40240-4 0  9996
2 43194  97.4095  55.3953 0014349 240.4110 225.8004 15.21109778 94779
DMSP 5D-2 F14 (USA 131) 
1 24753U 97012A   19291.49882752  .00000019  00000-0  32898-4 0  9991
2 24753  99.0320 300.0534 0008911 167.8425 192.2965 14.15869059164084
NOAA 15                 
1 25338U 98030A   19291.51141613  .00000017  00000-0  25999-4 0  9991
2 25338  98.7406 312.5222 0009456 246.5943 113.4242 14.25935253114609
DMSP 5D-3 F15 (USA 147) 
1 25991U 99067A   19291.53633505 -.00000101  00000-0 -28217-4 0  9997
2 25991  98.9338 256.5056 0010840  72.5049  49.9691 14.16512517 26051
METEOSAT-8 (MSG-1)      
1 27509U 02040B   19289.49073705  .00000145  00000-0  00000+0 0  9992
2 27509   6.2947  55.0816 0000532 194.7041 352.9382  1.00271693 62823
DMSP 5D-3 F16 (USA 172) 
1 28054U 03048A   19291.54812885 -.00000041  00000-0  20140-5 0  9995
2 28054  98.8809 266.8422 0007238 184.9168 284.4093 14.13675918825572
NOAA 18                 
1 28654U 05018A   19291.47815106  .00000070  00000-0  63010-4 0  9994
2 28654  99.0820 340.1917 0014192 191.5450 168.5398 14.12459581742702
METEOSAT-9 (MSG-2)      
1 28912U 05049B   19291.27777314  .00000023  00000-0  00000+0 0  9994
2 28912   3.9116  70.8765 0001305 133.8547 285.0456  1.00272949 50679
HIMAWARI-7 (MTSAT-2)    
1 28937U 06004A   19291.16253451 -.00000239  00000-0  00000+0 0  9992
2 28937   0.0542  75.8320 0003643 133.8475  20.2569  1.00272720 49945
FORMOSAT-3 FM6          
1 29047U 06011A   19291.79984494  .00000023  00000-0  25295-4 0  9998
2 29047  71.9779 245.2372 0048411 121.5408 239.0470 14.28698438706683
FORMOSAT-3 FM1          
1 29048U 06011B   19291.74261530  .00000076  00000-0  46233-4 0  9996
2 29048  71.9657 156.5574 0042089  77.2217 283.3618 14.28657727709143
FORMOSAT-3 FM5          
1 29049U 06011C   19291.47715999  .00000054  00000-0  37544-4 0  9991
2 29049  72.0205 327.3641 0032902 108.3842 252.0877 14.28741990704894
FORMOSAT-3 FM3          
1 29050U 06011D   19291.13180007  .00000152  00000-0  42223-4 0  9991
2 29050  72.0142 139.0190 0048699  45.4418 315.0694 14.58842679720943
FORMOSAT-3 FM4          
1 29051U 06011E   19291.41208992  .00000103  00000-0  55872-4 0  9997
2 29051  72.0056 230.0103 0068993 343.4345  16.4536 14.28769168707471
FORMOSAT-3 FM2          
1 29052U 06011F   19291.63920542  .00000040  00000-0  31953-4 0  9998
2 29052  72.0333 303.0311 0038163  65.6420 294.8693 14.28869278705832
GOES 13                 
1 29155U 06018A   19291.50396725  .00000044  00000-0  00000+0 0  9993
2 29155   0.0840  80.0292 0009042 168.0955 145.2635  0.99994264 49119
METOP-A                 
1 29499U 06044A   19291.45557042 -.00000000  00000-0  19363-4 0  9998
2 29499  98.5608 341.1027 0000708 121.0154 302.1242 14.21485670674366
DMSP 5D-3 F17 (USA 191) 
1 29522U 06050A   19291.49533161  .00000004  00000-0  25335-4 0  9991
2 29522  98.8166 306.3902 0010659 144.0694 216.1198 14.14004967668400
FENGYUN 3A              
1 32958U 08026A   19291.72529882 -.00000012  00000-0  14033-4 0  9997
2 32958  98.3870 285.3220 0008295 328.3078  31.7592 14.18609534590418
FENGYUN 2E              
1 33463U 08066A   19291.86870931 -.00000200  00000-0  00000+0 0  9995
2 33463   3.8414  69.0279 0003864 268.8277  88.6300  1.00276391 39685
NOAA 19                 
1 33591U 09005A   19291.53740296 -.00000011  00000-0  19523-4 0  9990
2 33591  99.1889 285.6588 0014615  40.0046 320.2199 14.12380030551100
GOES 14                 
1 35491U 09033A   19291.50491368 -.00000092  00000-0  00000+0 0  9996
2 35491   0.2808 279.1990 0012892 301.8147 243.2911  1.00272599 37754
METEOR-M 1              
1 35865U 09049A   19291.59143600  .00000015  00000-0  25496-4 0  9995
2 35865  98.4203 284.2469 0002574 152.7790 207.3524 14.22211065523400
DMSP 5D-3 F18 (USA 210) 
1 35951U 09057A   19291.55435999  .00000023  00000-0  34745-4 0  9997
2 35951  98.6280 284.8746 0010876 348.1267  11.9648 14.13225101515695
GOES 15                 
1 36411U 10008A   19291.48679538  .00000058  00000-0  00000+0 0  9998
2 36411   0.2880 278.2994 0002550 257.1585 258.3498  1.00264559 35268
COMS 1                  
1 36744U 10032A   19291.78105111 -.00000342  00000-0  00000+0 0  9995
2 36744   0.0314 114.0318 0000978 105.8990 216.3970  1.00272963 34250
FENGYUN 3B              
1 37214U 10059A   19291.75940299  .00000004  00000-0  25345-4 0  9996
2 37214  99.0144 265.1541 0016187 234.0588 125.9083 14.15927071463337
SUOMI NPP               
1 37849U 11061A   19291.72155692  .00000018  00000-0  29422-4 0  9991
2 37849  98.7090 228.2205 0000706  96.7461 310.1918 14.19554366413187
FENGYUN 2F              
1 38049U 12002A   19289.50480497 -.00000353  00000-0  00000+0 0  9996
2 38049   1.5045  83.1639 0001192 305.2229 289.9730  1.00282082 28468
METEOSAT-10 (MSG-3)     
1 38552U 12035B   19291.41090909  .00000064  00000-0  00000+0 0  9997
2 38552   1.0848 347.2846 0002121 236.7215 319.9136  1.00272162 26812
METOP-B                 
1 38771U 12049A   19291.14851741 -.00000034  00000-0  44284-5 0  9990
2 38771  98.7288 348.7138 0001288  46.5995 340.3371 14.21480863367454
FENGYUN 3C              
1 39260U 13052A   19291.80780903 -.00000021  00000-0  10517-4 0  9990
2 39260  98.5891 346.4287 0011036 187.5791 172.5218 14.15874412314286
METEOR-M 2              
1 40069U 14037A   19291.77369924 -.00000010  00000-0  14926-4 0  9991
2 40069  98.5384 333.0599 0004535 266.3553  93.7097 14.20665773273757
HIMAWARI-8              
1 40267U 14060A   19290.94629719 -.00000272  00000-0  00000+0 0  9999
2 40267   0.0367 167.4747 0001100  55.3971 284.6592  1.00272536 18455
FENGYUN 2G              
1 40367U 14090A   19291.65585363 -.00000297  00000-0  00000+0 0  9995
2 40367   1.5077  98.3272 0002629 301.9528 321.8870  1.00282562 17632
METEOSAT-11 (MSG-4)     
1 40732U 15034A   19291.41646603  .00000001  00000-0  00000+0 0  9991
2 40732   0.7962 249.2042 0000735 274.0276  13.6619  1.00263752 15635
ELEKTRO-L 2             
1 41105U 15074A   19291.86661565 -.00000095  00000-0  00000+0 0  9997
2 41105   0.6269 102.3224 0000886  77.6601 235.0681  1.00273064 14125
HIMAWARI-9              
1 41836U 16064A   19291.80773140 -.00000272  00000-0  00000+0 0  9992
2 41836   0.0139 100.6321 0000628 112.0990 245.8412  1.00272272 10907
GOES 16                 
1 41866U 16071A   19291.47754340 -.00000246  00000-0  00000+0 0  9998
2 41866   0.0409  50.7773 0000743 201.4573 231.1883  1.00271895 10702
FENGYUN 4A              
1 41882U 16077A   19291.24420142 -.00000327  00000-0  00000+0 0  9997
2 41882   0.2236 287.0533 0002659 145.3358 146.6460  1.00267022 10577
CYGFM05                 
1 41884U 16078A   19290.85064337  .00000280  00000-0  16609-4 0  9990
2 41884  34.9557 132.9711 0015320  27.4409 332.7108 15.14466674157158
CYGFM04                 
1 41885U 16078B   19291.75957366  .00000286  00000-0  16731-4 0  9996
2 41885  34.9490 121.8283 0013474  43.7147 316.4629 15.14972372157349
CYGFM02                 
1 41886U 16078C   19290.96174139  .00000292  00000-0  17023-4 0  9990
2 41886  34.9581 128.3527 0014354  33.0581 327.1026 15.14974395157219
CYGFM01                 
1 41887U 16078D   19291.77825344  .00000282  00000-0  16806-4 0  9999
2 41887  34.9525 127.9752 0015641  37.1510 323.0281 15.14282273157282
CYGFM08                 
1 41888U 16078E   19291.77049661  .00000436  00000-0  24768-4 0  9997
2 41888  34.9495 124.8214 0014763  42.2571 317.9276 15.14692358157304
CYGFM06                 
1 41889U 16078F   19291.79611126  .00000299  00000-0  17421-4 0  9996
2 41889  34.9575 121.8485 0013229  40.4219 319.7474 15.14965637157343
CYGFM07                 
1 41890U 16078G   19291.77450319  .00000285  00000-0  16668-4 0  9998
2 41890  34.9513 121.1890 0012958  42.9614 317.2108 15.14964407157345
CYGFM03                 
1 41891U 16078H   19290.84679275  .00000279  00000-0  16349-4 0  9999
2 41891  34.9545 127.1334 0012546  33.2649 326.8849 15.14963622157205
FENGYUN 3D              
1 43010U 17072A   19291.79187574  .00000000  00000-0  20781-4 0  9997
2 43010  98.7221 229.2221 0002381  65.4787 294.6648 14.19728470 99763
NOAA 20                 
1 43013U 17073A   19291.53566708 -.00000000  00000-0  20682-4 0  9994
2 43013  98.7289 227.8804 0000878  66.8331 293.2937 14.19545714 99191
GOES 17                 
1 43226U 18022A   19291.72966090  .00000100  00000-0  00000+0 0  9991
2 43226   0.0103 350.5526 0000503 256.4034 265.4750  1.00272217  6031
FENGYUN 2H              
1 43491U 18050A   19291.86722630 -.00000127  00000-0  00000+0 0  9991
2 43491   1.2389 279.9552 0002835 244.0032 254.5050  1.00274828  5118
METOP-C                 
1 43689U 18087A   19291.11996975 -.00000044  00000-0  00000+0 0  9991
2 43689  98.6910 349.0041 0001967   5.3287 354.7916 14.21496560 49022
GEO-KOMPSAT-2A          
1 43823U 18100A   19291.37451778 -.00000341  00000-0  00000+0 0  9992
2 43823   0.0446  52.7499 0001253  84.8784 152.0542  1.00273725  3258
METEOR-M2 2             
1 44387U 19038A   19291.81436031 -.00000028  00000-0  67898-5 0  9999
2 44387  98.5834 252.1832 0002505 116.5352 243.6083 14.23334829 15015
NOAA 1 [-]              
1 04793U 70106A   19291.50714649 -.00000029  00000-0  93996-4 0  9997
2 04793 101.6920 358.4258 0031838  51.0249  64.5498 12.53991787236125
NOAA 2 (ITOS-D) [-]     
1 06235U 72082A   19291.53005801 -.00000035  00000-0  65518-4 0  9997
2 06235 101.8122 257.2340 0004069 135.5800 301.2121 12.53119250150338
NOAA 3 [-]              
1 06920U 73086A   19291.37236949 -.00000034  00000-0  79712-4 0  9994
2 06920 102.0670 259.3763 0006324 291.9564 236.8765 12.40341842 80331
NOAA 4 [-]              
1 07529U 74089A   19291.53284572 -.00000038  00000-0  42323-4 0  9999
2 07529 101.7698 257.9994 0008759 169.2673 326.8223 12.53134888 54924
NOAA 5 [-]              
1 09057U 76077A   19291.51177641 -.00000039  00000-0  39767-4 0  9991
2 09057 101.9480 259.7975 0009840 137.8201 294.8407 12.37747868953580
TIROS N [P]             
1 11060U 78096A   19291.79221889  .00000006  00000-0  24059-4 0  9996
2 11060  98.7766 347.8972 0011471  61.6503 298.5827 14.18246361333970
NOAA 6 [P]              
1 11416U 79057A   19291.06838605  .00000024  00000-0  24964-4 0  9994
2 11416  98.6459 285.0064 0009282 248.1439 111.8758 14.33547632102263
NOAA 7 [-]              
1 12553U 81059A   19291.51318259 -.00000029  00000-0  85163-5 0  9995
2 12553  99.0968 301.6787 0011490   2.5830 150.9534 14.17264700980202
NOAA 8 [-]              
1 13923U 83022A   19291.47092778  .00000003  00000-0  18321-4 0  9991
2 13923  98.5946 274.9140 0015171 174.3710 185.7645 14.28683615903738
NOAA 9 [P]              
1 15427U 84123A   19291.48321946  .00000015  00000-0  30303-4 0  9995
2 15427  98.9055 240.2950 0015726  50.6785  88.3594 14.16079016799132
NOAA 10 [-]             
1 16969U 86073A   19291.45211442 -.00000012  00000-0  12251-4 0  9999
2 16969  98.4872 284.5446 0011097 290.6187 223.2097 14.28080682722213
NOAA 11 [-]             
1 19531U 88089A   19291.18625116 -.00000020  00000-0  10592-4 0  9998
2 19531  98.4376 319.0228 0012345 103.8041 256.4508 14.15246269603408
NOAA 12 [-]             
1 21263U 91032A   19291.45378953 -.00000017  00000-0  10839-4 0  9999
2 21263  98.5146 303.4133 0012748 309.8416  50.1642 14.25900520478329
NOAA 13 [-]             
1 22739U 93050A   19291.48847436 -.00000002  00000-0  21185-4 0  9990
2 22739  98.4669 307.6944 0008437 249.5210 110.5058 14.12738994349919
NOAA 14 [-]             
1 23455U 94089A   19291.48507838 -.00000006  00000-0  18950-4 0  9998
2 23455  98.5826 348.0726 0008581 232.2450 127.7947 14.14135525279432
NOAA 15 [B]             
1 25338U 98030A   19291.51141613  .00000017  00000-0  25999-4 0  9991
2 25338  98.7406 312.5222 0009456 246.5943 113.4242 14.25935253114609
NOAA 16 [-]             
1 26536U 00055A   19291.49991208  .00000003  00000-0  24632-4 0  9990
2 26536  98.7647   1.0232 0011424  61.5485 298.6838 14.13237536983430
NOAA 17 [-]             
1 27453U 02032A   19291.50952303  .00000014  00000-0  24320-4 0  9997
2 27453  98.5503 238.7296 0010822 222.2839 137.7508 14.25049577900296
NOAA 18 [B]             
1 28654U 05018A   19291.47815106  .00000070  00000-0  63010-4 0  9994
2 28654  99.0820 340.1917 0014192 191.5450 168.5398 14.12459581742702
NOAA 19 [+]             
1 33591U 09005A   19291.53740296 -.00000011  00000-0  19523-4 0  9990
2 33591  99.1889 285.6588 0014615  40.0046 320.2199 14.12380030551100
SUOMI NPP [+]           
1 37849U 11061A   19291.72155692  .00000018  00000-0  29422-4 0  9991
2 37849  98.7090 228.2205 0000706  96.7461 310.1918 14.19554366413187
NOAA 20 [+]             
1 43013U 17073A   19291.53566708 -.00000000  00000-0  20682-4 0  9994
2 43013  98.7289 227.8804 0000878  66.8331 293.2937 14.19545714 99191
SCD 1                   
1 22490U 93009B   19291.82140558  .00000211  00000-0  79092-5 0  9999
2 22490  24.9697  86.6455 0042990 346.8962 122.7809 14.44560821409166
TECHSAT 1B (GO-32)      
1 25397U 98043D   19291.06472143 -.00000003  00000-0  17861-4 0  9990
2 25397  98.6982 229.7840 0002244  64.1050 296.0360 14.23672326105143
SCD 2                   
1 25504U 98060A   19290.40722250  .00000229  00000-0  13706-4 0  9996
2 25504  24.9964 303.8744 0017281 354.5784 141.7759 14.44077783108251
LANDSAT 7               
1 25682U 99020A   19291.74411200  .00000013  00000-0  12817-4 0  9991
2 25682  98.1167 356.1345 0001003  96.0124 264.1189 14.57157092 90898
DLR-TUBSAT              
1 25757U 99029B   19291.63277638  .00000008  00000-0  13377-4 0  9992
2 25757  98.4120 213.7459 0013818 206.8590 153.1891 14.51408409 80264
TERRA                   
1 25994U 99068A   19291.69816651 -.00000290  00000-0 -54235-4 0  9991
2 25994  98.1984   4.3661 0001617  95.7319 264.4049 14.57113962 54961
MAROC-TUBSAT            
1 27004U 01056D   19291.65170459 -.00000023  00000-0  24413-4 0  9998
2 27004  99.4836  63.3537 0019005 284.4151 144.6995 13.70136997892925
AQUA                    
1 27424U 02022A   19291.87282410  .00000083  00000-0  28446-4 0  9998
2 27424  98.2051 230.9085 0002667  44.4681  48.6212 14.57113921928591
IRS-P6 (RESOURCESAT-1)  
1 28051U 03046A   19291.70663543 -.00000002  00000-0  14397-4 0  9996
2 28051  98.5103   7.5171 0058501  28.1402 332.2926 14.34165915831593
SHIYAN 1 (SY-1)         
1 28220U 04012A   19291.73414458 -.00000119  00000-0 -47328-5 0  9991
2 28220  97.8183 254.3106 0004659  74.9981 285.1758 14.99910037844347
FORMOSAT-2 (ROCSAT 2)   
1 28254U 04018A   19289.13728295 -.00000185  00000-0 -95762-4 0  9999
2 28254  98.7552 328.6126 0000589  41.9890 318.1371 14.00717975787726
AURA                    
1 28376U 04026A   19291.79186280  .00000086  00000-0  29038-4 0  9991
2 28376  98.2052 232.9863 0001351  69.4396 290.6947 14.57111020811621
IRS-P5 (CARTOSAT-1)     
1 28649U 05017A   19291.71737925  .00000071  00000-0  14942-4 0  9997
2 28649  97.8445   0.3703 0002187 118.3262 241.8180 14.83657100782525
SINAH 1                 
1 28893U 05043D   19291.29518724  .00000008  00000-0  10857-4 0  9995
2 28893  97.9917  64.4310 0014940 352.2542   7.8426 14.61512675745060
EROS B                  
1 29079U 06014A   19291.70691079  .00001372  00000-0  59295-4 0  9996
2 29079  97.4336  49.3834 0004655  71.0035  34.6874 15.24175246748286
RESURS-DK 1             
1 29228U 06021A   19291.41939840  .00000061  00000-0  11935-4 0  9992
2 29228  69.9345  86.6674 0002171 150.3069 209.8215 15.02473382736247
ARIRANG-2 (KOMPSAT-2)   
1 29268U 06031A   19291.75770976  .00000085  00000-0  25870-4 0  9996
2 29268  98.0131 180.4868 0017250 198.8607 161.1963 14.62453689705748
LAPAN-TUBSAT            
1 29709U 07001A   19291.74361872  .00000006  00000-0  72465-5 0  9990
2 29709  97.8231 251.1589 0012544 177.7950 182.3321 14.82190599690410
CARTOSAT-2 (IRS-P7)     
1 29710U 07001B   19291.69619354  .00000163  00000-0  29256-4 0  9990
2 29710  97.9526 349.4916 0002134  78.1917 281.9518 14.78676059689323
HAIYANG-1B              
1 31113U 07010A   19291.79455900 -.00000027  00000-0  57896-5 0  9998
2 31113  98.4403 337.0734 0013383 204.8933 155.1606 14.30231646653472
COSMO-SKYMED 1          
1 31598U 07023A   19291.77750561 -.00000197  00000-0 -18233-4 0  9998
2 31598  97.8917 113.4441 0001412  86.1428 273.9956 14.82151925668889
TERRASAR-X              
1 31698U 07026A   19290.63446171 -.00001537  00000-0 -70030-4 0  9997
2 31698  97.4468 296.1457 0001608  82.0064 278.1067 15.19145186684286
WORLDVIEW-1 (WV-1)      
1 32060U 07041A   19291.37112060  .00000599  00000-0  27244-4 0  9991
2 32060  97.4041  49.4501 0002201 101.2371 258.9114 15.24517285672220
YAOGAN 3                
1 32289U 07055A   19291.75075309  .00000307  00000-0  46548-4 0  9990
2 32289  98.0021 302.2039 0001778  83.7908 276.3481 14.80979747645061
COSMO-SKYMED 2          
1 32376U 07059A   19291.74373339  .00000234  00000-0  35984-4 0  9995
2 32376  97.8912 113.4119 0001474  86.4840 273.6557 14.82148695641627
RADARSAT-2              
1 32382U 07061A   19291.80309028 -.00000004  00000-0  15248-4 0  9993
2 32382  98.5778 296.9369 0001206  89.9710 273.5612 14.29983084618291
CARTOSAT-2A             
1 32783U 08021A   19291.74245771  .00000209  00000-0  35551-4 0  9997
2 32783  97.9588 349.9385 0014455  75.7377 284.5432 14.78668007619277
JASON-2 (OSTM)          
1 33105U 08032A   19291.77055608 -.00000098  00000-0 -14323-3 0  9990
2 33105  66.0365 127.4744 0007594 265.5583 228.5525 12.87622356530489
RAPIDEYE 2              
1 33312U 08040A   19291.68529336  .00000718  00000-0  86266-4 0  9996
2 33312  97.7306 356.9021 0010694  62.8627 297.3710 14.86883084601672
RAPIDEYE 5              
1 33313U 08040B   19291.70935724 -.00000286  00000-0 -25856-4 0  9992
2 33313  97.7336 355.8787 0022470 329.0741  30.8881 14.86847682601621
RAPIDEYE 1              
1 33314U 08040C   19291.83261335  .00003696  00000-0  41794-3 0  9991
2 33314  97.7403 356.9155 0021228  96.7002 263.6523 14.86902910601687
RAPIDEYE 3              
1 33315U 08040D   19291.73259322 -.00000213  00000-0 -17793-4 0  9991
2 33315  97.7353 355.7926 0014583  27.6106 332.5857 14.86883164601639
RAPIDEYE 4              
1 33316U 08040E   19291.72066021 -.00000159  00000-0 -11708-4 0  9992
2 33316  97.7382 355.7057 0015553 344.2217  15.8536 14.86882698601621
HUANJING 1A (HJ-1A)     
1 33320U 08041A   19291.74669655  .00000092  00000-0  20129-4 0  9993
2 33320  97.8251 346.6028 0026296 142.2937 218.0118 14.77048067598778
HUANJING 1B (HJ-1B)     
1 33321U 08041B   19291.76559803  .00000136  00000-0  26227-4 0  9993
2 33321  97.8327 348.6306 0035066 161.8496 198.3975 14.77167573598771
GEOEYE 1                
1 33331U 08042A   19291.68288764  .00000081  00000-0  24257-4 0  9991
2 33331  98.1312   4.3255 0010336  99.1884 261.0486 14.64359382594000
THEOS                   
1 33396U 08049A   19291.14935473  .00000169  00000-0  10000-3 0  9993
2 33396  98.7392 355.8615 0000349  16.3681  13.0745 14.20008985572537
COSMO-SKYMED 3          
1 33412U 08054A   19291.79434425 -.00000535  00000-0 -60635-4 0  9999
2 33412  97.8909 113.4607 0001230  91.5409 268.5959 14.82151920594097
YAOGAN 4                
1 33446U 08061A   19291.67828548  .00000066  00000-0  16246-4 0  9990
2 33446  97.6906 252.9953 0017339  51.3411 308.9348 14.76979594585994
GOSAT (IBUKI)           
1 33492U 09002A   19291.66406360  .00000092  00000-0  24675-4 0  9994
2 33492  98.0454  41.7510 0001592 100.6085 259.5299 14.67562227575008
YAOGAN 6                
1 34839U 09021A   19291.64059251  .00000362  00000-0  16243-4 0  9994
2 34839  97.0487 308.7607 0028520 162.8678 197.3531 15.26676840582762
DEIMOS-1                
1 35681U 09041A   19291.78874670  .00000137  00000-0  29558-4 0  9990
2 35681  97.8413 169.4315 0002851  98.3819 261.7718 14.71803631548698
DUBAISAT-1              
1 35682U 09041B   19291.61321953  .00000018  00000-0  10955-4 0  9993
2 35682  97.7272 118.4200 0010775 307.0174  53.0081 14.68749902547472
OCEANSAT-2              
1 35931U 09051A   19291.82523747  .00000084  00000-0  32345-4 0  9999
2 35931  98.3015  25.2988 0002696  81.4285 278.7215 14.50847470533232
WORLDVIEW-2 (WV-2)      
1 35946U 09055A   19291.72398962  .00000047  00000-0  29923-4 0  9994
2 35946  98.4263   5.0719 0001854  44.0805 316.0523 14.37646791526148
SMOS                    
1 36036U 09059A   19291.63953650  .00000078  00000-0  38730-4 0  9990
2 36036  98.4442 117.1511 0001160  87.2517 272.8804 14.39750692523429
YAOGAN 7                
1 36110U 09069A   19291.78615183  .00000050  00000-0  15589-4 0  9993
2 36110  98.2717 117.2855 0022962 272.2571  87.6009 14.75137321530724
TANDEM-X                
1 36605U 10030A   19290.37098967  .00000042  00000-0  51893-5 0  9991
2 36605  97.4467 295.8889 0001969  82.9267 277.2053 15.19150122516989
CARTOSAT-2B             
1 36795U 10035A   19291.71127737 -.00000141  00000-0 -12110-4 0  9993
2 36795  97.9572 349.5097 0015146 143.5609 216.6621 14.78669913500310
YAOGAN 10               
1 36834U 10038A   19291.72555074  .00000029  00000-0  10585-4 0  9997
2 36834  97.9716 291.2782 0001575  75.7764 284.3618 14.80936232496807
COSMO-SKYMED 4          
1 37216U 10060A   19291.75640137  .00000009  00000-0  76702-5 0  9997
2 37216  97.8913 113.4222 0001410  72.3439 287.7931 14.82150165484171
RESOURCESAT-2           
1 37387U 11015A   19291.75110529  .00000010  00000-0  24654-4 0  9994
2 37387  98.7067   5.2723 0004236  19.7310 340.4033 14.21633144440950
HAIYANG 2A              
1 37781U 11043A   19291.28290701 -.00000105  00000-0 -60359-4 0  9991
2 37781  99.3201 298.1540 0000110 135.6171 224.4999 13.78719514411536
RASAT                   
1 37791U 11044D   19291.72966324  .00000005  00000-0  10054-4 0  9997
2 37791  98.1182  22.9691 0021186 317.5458  42.4111 14.64736199436712
MEGHA-TROPIQUES         
1 37838U 11058A   19291.49778805  .00000312  00000-0  27194-4 0  9997
2 37838  19.9788  37.8180 0009447  58.4847 301.6479 14.09686597413654
SRMSAT                  
1 37841U 11058D   19290.68620359  .00000284  00000-0  10702-4 0  9996
2 37841  19.9734  20.3240 0011952  85.4932  39.4387 14.10641052413790
YAOGAN 13               
1 37941U 11072A   19291.78005758  .00000356  00000-0  20797-4 0  9990
2 37941  97.5321 222.9944 0002346 133.9275 307.6293 15.18103939437150
PLEIADES 1A             
1 38012U 11076F   19291.74719113 -.00000038  00000-0  17442-5 0  9999
2 38012  98.1901   4.7626 0001513  95.2721 264.8648 14.58560375417289
ZIYUAN 1-02C (ZY 1-02C) 
1 38038U 11079A   19291.74025160  .00000060  00000-0  36764-4 0  9993
2 38038  98.7286 337.3680 0006002 264.5264  95.5230 14.35265631409958
ZIYUAN 3 (ZY 3)         
1 38046U 12001A   19291.76589057  .00000450  00000-0  23190-4 0  9992
2 38046  97.4453   4.1733 0003245 353.3157 101.8769 15.21298204431727
RISAT-1                 
1 38248U 12017A   19291.64544270  .00000414  00000-0  29433-4 0  9994
2 38248  97.5708 298.8386 0004505  19.2769 340.8629 15.09902877411999
ARIRANG-3 (KOMPSAT-3)   
1 38338U 12025B   19291.70175076  .00000036  00000-0  16692-4 0  9997
2 38338  98.1684 228.0475 0009606 173.4717 186.6613 14.61774414395863
KANOPUS-V 1             
1 38707U 12039A   19291.76454472 -.00000387  00000-0 -15262-4 0  9991
2 38707  97.4529 208.7448 0001733  71.1461  13.3705 15.19040386401663
EXACTVIEW-1 (ADS-1B)    
1 38709U 12039C   19291.78032190  .00000008  00000-0  24460-4 0  9992
2 38709  99.1360 310.9406 0010496 335.0561  25.0106 14.24001393376314
SPOT 6                  
1 38755U 12047A   19291.69491799 -.00000042  00000-0  81694-6 0  9999
2 38755  98.1997 357.2565 0001133  74.9786 285.1536 14.58563327378355
PLEIADES 1B             
1 39019U 12068A   19291.78129507 -.00000036  00000-0  21191-5 0  9999
2 39019  98.1886   4.7634 0001304  91.5128 268.6219 14.58557842366145
GOKTURK 2               
1 39030U 12073A   19291.68972608  .00000025  00000-0  11617-4 0  9993
2 39030  97.9755 179.1277 0001211 144.4982 215.6307 14.72719755366175
LANDSAT 8               
1 39084U 13008A   19291.72084463  .00000033  00000-0  17323-4 0  9998
2 39084  98.2136   0.0882 0001079  90.3489 269.7833 14.57110686355351
SARAL                   
1 39086U 13009A   19291.79333158 -.00000020  00000-0  89491-5 0  9999
2 39086  98.5420 116.0937 0000380 139.7727 220.3485 14.32012779347273
GAOFEN 1                
1 39150U 13018A   19291.71743517  .00000018  00000-0  97833-5 0  9992
2 39150  97.8929   9.3933 0018961 178.3030 181.8249 14.76544857349198
VNREDSAT 1              
1 39160U 13021B   19291.71097609  .00000039  00000-0  16829-4 0  9999
2 39160  98.1737   5.9978 0001065  92.0101 268.1224 14.62928056344390
ARIRANG-5 (KOMPSAT-5)   
1 39227U 13042A   19291.90727125  .00000005  00000-0  46578-5 0  9998
2 39227  97.6195 114.3797 0002267  83.2419  26.5592 15.04510831338054
YAOGAN 18               
1 39363U 13059A   19291.75357203  .00000599  00000-0  32391-4 0  9991
2 39363  97.2843 344.6319 0002921  86.2606  46.8134 15.18251538330811
SKYSAT-1                
1 39418U 13066C   19291.41816725  .00000026  00000-0  70978-5 0  9991
2 39418  97.6434  10.9712 0020788 297.6734  62.2379 14.98864276322879
DUBAISAT-2              
1 39419U 13066D   19291.74545939  .00000457  00000-0  47927-4 0  9999
2 39419  97.5796 349.9050 0012601 302.8449  57.1543 14.94040757321935
GPM-CORE                
1 39574U 14009C   19291.79037132  .00002528  00000-0  41129-4 0  9994
2 39574  65.0065 256.9323 0010945 281.9244  78.0674 15.55456072320301
SENTINEL-1A             
1 39634U 14016A   19291.76750589 -.00000070  00000-0 -51496-5 0  9995
2 39634  98.1819 297.2290 0001261  80.7855 279.3478 14.59198267295173
KAZEOSAT 1              
1 39731U 14024A   19291.74186152  .00000003  00000-0  13941-4 0  9995
2 39731  98.3457   5.6048 0001270  80.7844 279.3489 14.42050197287906
ALOS-2                  
1 39766U 14029A   19291.70919160  .00000059  00000-0  14732-4 0  9997
2 39766  97.9233  26.7910 0001457  89.1283 271.0097 14.79471949291800
KAZEOSAT 2              
1 40010U 14033A   19291.70513826  .00000046  00000-0  12411-4 0  9993
2 40010  97.8240 188.2517 0017066  20.2676 339.9212 14.82077197288364
HODOYOSHI-4             
1 40011U 14033B   19291.73741088  .00000105  00000-0  20189-4 0  9997
2 40011  97.7998 181.7313 0027516  15.9872 344.2211 14.81133806288093
DEIMOS-2                
1 40013U 14033D   19291.72843782  .00000203  00000-0  30273-4 0  9996
2 40013  97.8287 193.7010 0002493  73.0973 287.0514 14.84574147288852
HODOYOSHI-3             
1 40015U 14033F   19291.84944676  .00000029  00000-0  10951-4 0  9992
2 40015  97.7675 171.1277 0037947  29.9472 330.3899 14.78553244287614
SPOT 7                  
1 40053U 14034A   19291.72860325 -.00000042  00000-0  80364-6 0  9993
2 40053  98.2155 357.0780 0001295  73.5749 286.5589 14.58537047282296
SKYSAT-2                
1 40072U 14037D   19291.58854928  .00000075  00000-0  17181-4 0  9993
2 40072  98.4425  91.7261 0006312 182.4119 177.7062 14.81213907285293
WORLDVIEW-3 (WV-3)      
1 40115U 14048A   19291.73280426  .00000096  00000-0  17417-4 0  9991
2 40115  97.8038   7.9999 0002058  63.7897 296.3543 14.85035807280773
GAOFEN 2                
1 40118U 14049A   19291.77918926  .00000024  00000-0  98997-5 0  9996
2 40118  97.8636   9.2348 0006470 234.3909 125.6699 14.80647990279169
YAOGAN 21               
1 40143U 14053A   19291.78551884  .00000572  00000-0  26893-4 0  9999
2 40143  97.4725 355.1171 0018389  44.3780  60.4184 15.23504934284458
YAOGAN 22               
1 40275U 14063A   19291.71646032 -.00000045  00000-0  00000+0 0  9992
2 40275 100.4796  42.9815 0005507 291.0152  69.0374 13.15338284239857
ASNARO                  
1 40298U 14070A   19291.69798270  .00000698  00000-0  36024-4 0  9997
2 40298  97.4361  12.8115 0002134  91.3956  12.3701 15.19524733274474
HODOYOSHI-1             
1 40299U 14070B   19291.69028994  .00000445  00000-0  21546-4 0  9990
2 40299  97.3418   8.8701 0012291 340.1173 123.1235 15.23476886274848
QSAT-EOS                
1 40301U 14070D   19291.73414667  .00001238  00000-0  50269-4 0  9990
2 40301  97.3190   6.4826 0024743 331.0670 128.8718 15.26213105274908
YAOGAN 23               
1 40305U 14071A   19288.59747946 -.00000067  00000-0  00000+0 0  9997
2 40305  97.5014 224.8669 0000685  46.1659  51.2264 15.17878243272431
YAOGAN 24               
1 40310U 14072A   19291.74820997  .00000054  00000-0  14969-4 0  9992
2 40310  97.8726  54.5789 0016921 184.4737 175.6328 14.76306639264728
CBERS 4                 
1 40336U 14079A   19291.73907074 -.00000007  00000-0  13005-4 0  9997
2 40336  98.5933 359.8795 0001792  94.4745 265.6643 14.35396310254865
RESURS P2               
1 40360U 14087A   19291.75811549  .00000544  00000-0  19294-4 0  9997
2 40360  97.2564  20.1960 0008864 345.5188 113.4459 15.33244613269125
YAOGAN 26               
1 40362U 14088A   19291.76473193  .00000635  00000-0  29333-4 0  9996
2 40362  97.2781   2.4928 0008093 267.0621 241.7704 15.23646761267911
SMAP                    
1 40376U 15003A   19291.72088687  .00000021  00000-0  13220-4 0  9992
2 40376  98.1246 296.8430 0001773  56.3690 303.7668 14.63387862251729
KOMPSAT-3A              
1 40536U 15014A   19291.70606693  .00000682  00000-0  43460-4 0  9995
2 40536  97.5599 228.7644 0007795 259.3634 215.7259 15.12024772252031
SENTINEL-2A             
1 40697U 15028A   19291.74601233  .00000006  00000-0  18914-4 0  9993
2 40697  98.5700   4.4594 0001142  82.7446 277.3867 14.30817007225754
GAOFEN 8                
1 40701U 15030A   19291.72255700  .00000880  00000-0  39748-4 0  9992
2 40701  97.4481  50.6697 0009002 281.5526 208.0304 15.23589626240280
CARBONITE 1 (CBNT-1)    
1 40718U 15032D   19291.69919612  .00000125  00000-0  26094-4 0  9999
2 40718  97.8663 174.9047 0015506 275.6189  84.3251 14.74733408230030
YAOGAN 27               
1 40878U 15040A   19291.70366074 -.00000043  00000-0  00000+0 0  9999
2 40878 100.2744 342.5662 0008849  63.8587 296.3440 13.15963232199081
GAOFEN 9                
1 40894U 15047A   19291.71760471  .00000004  00000-0  79171-5 0  9991
2 40894  97.9109  11.3679 0034900 110.6329 249.8635 14.76299671220662
LAPAN-A2                
1 40931U 15052B   19289.50813792  .00000770  00000-0  17866-4 0  9990
2 40931   6.0052 282.2210 0015993  47.1467 313.0358 14.76617888219006
YAOGAN 28               
1 41026U 15064A   19291.73116995  .00000610  00000-0  28430-4 0  9990
2 41026  97.4241  60.6201 0000610 121.1847 353.9157 15.23605508220134
YAOGAN 29               
1 41038U 15069A   19291.72763354  .00000008  00000-0  79570-5 0  9997
2 41038  97.9883 275.4434 0001317  40.2975 319.8334 14.80421063210362
KENT RIDGE 1            
1 41167U 15077B   19290.70843762  .00000919  00000-0  16066-4 0  9999
2 41167  14.9739  98.1671 0010906 242.9961 213.8844 15.09073730211903
TELEOS 1                
1 41169U 15077D   19290.67756554  .00001140  00000-0  28177-4 0  9992
2 41169  14.9776  86.6679 0010232 261.2858 195.7777 15.10332604212002
GAOFEN 4                
1 41194U 15083A   19291.01109297 -.00000332  00000-0  00000+0 0  9995
2 41194   0.0623 114.1243 0004384 103.1217 278.7471  1.00272366 14088
JASON-3                 
1 41240U 16002A   19290.59956983 -.00000042  00000-0  82995-4 0  9999
2 41240  66.0394 151.6483 0007661 268.1402  91.8736 12.80930568175326
SENTINEL-3A             
1 41335U 16011A   19291.77996602 -.00000014  00000-0  12163-4 0  9996
2 41335  98.6257 356.9994 0001212 107.9167 252.2145 14.26737129191078
SENTINEL-1B             
1 41456U 16025A   19291.73273835 -.00000069  00000-0 -49729-5 0  9997
2 41456  98.1819 297.0205 0001245  79.2012 280.9321 14.59197972185335
ZIYUAN 3-2 (ZY 3-2)     
1 41556U 16033A   19291.75285603  .00000538  00000-0  27049-4 0  9994
2 41556  97.3892   6.8003 0003722 118.3780  38.4068 15.21387502188011
NUSAT-1 (FRESCO)        
1 41557U 16033B   19291.83935376  .00001088  00000-0  43197-4 0  9996
2 41557  97.4146  18.6230 0012671 221.0222 139.0065 15.27448432188734
NUSAT-2 (BATATA)        
1 41558U 16033C   19291.78687934  .00001191  00000-0  44421-4 0  9991
2 41558  97.4179  20.0171 0011717 220.5026 139.5343 15.29363717188792
CARTOSAT-2C             
1 41599U 16040A   19291.74046064  .00000275  00000-0  16309-4 0  9999
2 41599  97.4854 349.0276 0013369 341.7034 166.4851 15.19231142184241
SKYSAT-C1               
1 41601U 16040C   19291.79172138  .00000463  00000-0  22348-4 0  9999
2 41601  97.3853   8.6893 0002530  97.6412  13.7410 15.23436794184656
LAPAN-A3                
1 41603U 16040E   19291.73009810  .00000035  00000-0  47937-5 0  9998
2 41603  97.3470 347.3392 0012921 339.3799 173.7723 15.19752439184273
BIROS                   
1 41604U 16040F   19291.77144888  .00000337  00000-0  17832-4 0  9993
2 41604  97.3508 350.3674 0011258 323.8310  36.2163 15.21809531184463
GAOFEN 3                
1 41727U 16049A   19291.71868490 -.00000021  00000-0  69854-5 0  9997
2 41727  98.4146 297.7167 0001296  54.7194 305.4108 14.42215718167888
SKYSAT-C4               
1 41771U 16058B   19290.87496900  .00000423  00000-0  20657-4 0  9997
2 41771  97.3898   0.2596 0002030  91.0351 269.1118 15.23446091171453
SKYSAT-C5               
1 41772U 16058C   19291.70180683  .00000465  00000-0  22422-4 0  9997
2 41772  97.3887   0.5937 0002001  71.4945  28.6592 15.23476446171577
SKYSAT-C2               
1 41773U 16058D   19291.18225171  .00000391  00000-0  19289-4 0  9997
2 41773  97.3920   0.7439 0001484  94.1412 265.9994 15.23502947171501
SKYSAT-C3               
1 41774U 16058E   19290.73262240  .00000407  00000-0  19983-4 0  9995
2 41774  97.3931   0.3296 0001754  88.1814 271.9624 15.23454946171434
ALSAT 1B                
1 41785U 16059C   19291.74143437  .00000008  00000-0  10758-4 0  9994
2 41785  98.0513 348.9637 0031330   0.0456   0.0746 14.63329848163407
PATHFINDER 1            
1 41787U 16059E   19291.71080878  .00000035  00000-0  15767-4 0  9997
2 41787  98.0545 349.7145 0030835 358.2085   1.9005 14.63689932163436
SCATSAT 1               
1 41790U 16059H   19291.71631312  .00000022  00000-0  16391-4 0  9996
2 41790  98.1969 333.7787 0004861 319.6415  40.4415 14.50890779162020
WORLDVIEW-4 (WV-4)      
1 41848U 16067A   19290.61724380  .00003042  00000-0  10000-3 0  9990
2 41848  97.8527  15.9272 0034450 110.2265 250.2435 15.31848374159295
GOKTURK 1A              
1 41875U 16073A   19291.70904855  .00000031  00000-0  15259-4 0  9992
2 41875  98.1174 184.3886 0001314  74.0488 286.0860 14.62790596153070
RESOURCESAT-2A          
1 41877U 16074A   19291.70371951  .00000004  00000-0  21355-4 0  9994
2 41877  98.6236   1.8607 0001301  71.2068 288.9251 14.21674512148555
CARTOSAT-2D             
1 41948U 17008A   19291.35272189  .00000336  00000-0  19109-4 0  9997
2 41948  97.3818 349.0788 0008925 114.9623 245.2554 15.19252663148058
SENTINEL-2B             
1 42063U 17013A   19291.78095129 -.00000003  00000-0  15412-4 0  9991
2 42063  98.5689   4.4946 0001000  91.7955 268.3344 14.30817645136678
ZHUHAI-1 02 (CAS 4B)    
1 42759U 17034B   19291.87528269  .00000116  00000-0  20614-4 0  9996
2 42759  43.0193 279.6853 0012727 300.2744 135.6302 15.09655979129309
NUSAT-3 (MILANESAT)     
1 42760U 17034C   19291.85072041  .00000189  00000-0  24828-4 0  9999
2 42760  43.0179 279.4189 0011196 317.1660 114.0673 15.10104563129311
ZHUHAI-1 01 (CAS 4A)    
1 42761U 17034D   19291.83059010  .00000251  00000-0  28810-4 0  9994
2 42761  43.0188 279.3878 0013138 302.4148 125.0127 15.09734866129298
CARTOSAT-2E             
1 42767U 17036C   19291.89492826  .00000391  00000-0  21788-4 0  9996
2 42767  97.4593 349.2745 0008747 157.4305 202.7315 15.19247394128703
FORMOSAT-5              
1 42920U 17049A   19291.75211112 -.00000044  00000-0  40251-7 0  9998
2 42920  98.3223   8.7315 0010493   1.0624 359.0592 14.50843176113827
SENTINEL-5P             
1 42969U 17064A   19291.36227101 -.00000005  00000-0  18451-4 0  9991
2 42969  98.7072 229.1129 0001085  80.5872 279.5427 14.19543905104265
SKYSAT-C11              
1 42987U 17068A   19290.86182124  .00000496  00000-0  24808-4 0  9990
2 42987  97.4427  43.1236 0009551 143.8491 216.3393 15.21946558108826
SKYSAT-C10              
1 42988U 17068B   19291.11565819  .00000471  00000-0  23748-4 0  9991
2 42988  97.4318  43.2590 0004342 152.0026 208.2231 15.21901955108866
SKYSAT-C9               
1 42989U 17068C   19291.48028135  .00001083  00000-0  32980-4 0  9995
2 42989  97.2684  44.0511 0002825  92.6668 267.4900 15.36153688108956
SKYSAT-C8               
1 42990U 17068D   19290.76625438  .00000197  00000-0  11772-4 0  9997
2 42990  97.4455  43.3142 0002895 173.7552 186.3721 15.21731633108820
SKYSAT-C7               
1 42991U 17068E   19291.54586636  .00000468  00000-0  23638-4 0  9996
2 42991  97.4448  44.0834 0004728 201.9403 158.1631 15.21876392108947
SKYSAT-C6               
1 42992U 17068F   19290.74479736  .00000461  00000-0  23356-4 0  9990
2 42992  97.4450  43.4920 0009959 274.6775  85.3324 15.21879382108830
CARTOSAT-2F             
1 43111U 18004A   19291.75342299  .00000485  00000-0  26186-4 0  9990
2 43111  97.4211 351.2764 0004257 165.2238 290.3843 15.19244136 97864
MICROSAT-TD             
1 43128U 18004T   19291.75546768  .00017942  00000-0  13802-3 0  9991
2 43128  96.7909 344.9707 0006351  16.8137 343.3337 15.72038806101171
NUSAT-4 (ADA)           
1 43195U 18015D   19291.71223957  .00001032  00000-0  45492-4 0  9999
2 43195  97.4118  57.6833 0016418 228.6719 242.9187 15.23977898 94916
NUSAT-5 (MARYAM)        
1 43204U 18015K   19291.73770075  .00001062  00000-0  46446-4 0  9993
2 43204  97.4119  57.8279 0015738 231.3151 264.3418 15.24180656 94520
GAOFEN 1-02             
1 43259U 18031A   19291.76240402  .00000037  00000-0  12639-4 0  9998
2 43259  97.9890   8.1403 0003237 245.4252 114.6614 14.76431116 83617
GAOFEN 1-03             
1 43260U 18031B   19291.73984391  .00000063  00000-0  16331-4 0  9991
2 43260  97.9885   8.1388 0004697 344.6225  15.4843 14.76433399 83604
GAOFEN 1-04             
1 43262U 18031D   19291.78491936 -.00000083  00000-0 -45457-5 0  9992
2 43262  97.9894   8.1325 0002683 261.1723  98.9205 14.76424914 83607
SENTINEL-3B             
1 43437U 18039A   19291.26152670 -.00000004  00000-0  16517-4 0  9992
2 43437  98.6339 356.4014 0001263 120.0837 240.0469 14.26732661 77060
GAOFEN 5                
1 43461U 18043A   19291.77594163 -.00000016  00000-0  63694-5 0  9999
2 43461  98.1706 227.7889 0003078  74.9816 285.1726 14.57746225 76947
GAOFEN 6                
1 43484U 18048A   19291.74991319  .00000060  00000-0  16069-4 0  9991
2 43484  98.0097   8.9491 0010959  95.5963 264.6495 14.76475824 74308
GAOFEN 11               
1 43585U 18063A   19291.74378900  .00000510  00000-0  24260-4 0  9997
2 43585  97.4060   9.9170 0017326 354.6773 104.5378 15.23526121 68283
AEOLUS                  
1 43600U 18066A   19291.00227229  .00013490  00000-0  54275-4 0  9994
2 43600  96.7248 296.0405 0006992  94.0422 290.9410 15.86503027 66761
ICESAT-2                
1 43613U 18070A   19291.82778715  .00001103  00000-0  39894-4 0  9992
2 43613  92.0025 356.0376 0002838 101.6344 258.5224 15.28261884 60837
HYSIS                   
1 43719U 18096A   19291.68832526  .00000077  00000-0  17601-4 0  9993
2 43719  97.9363 357.7669 0009240 296.8327  63.1943 14.78672791 47793
KAZSTSAT                
1 43783U 18099AB  19290.79606496  .00000042  00000-0  93932-5 0  9997
2 43783  97.7481   1.0556 0007246 275.6649  84.3744 14.93611400 47468
SAUDISAT 5A             
1 43831U 18102A   19291.71483841  .00000144  00000-0  13482-4 0  9990
2 43831  97.5955   5.9804 0013171 267.5160 190.8904 15.07935507 47551
SAUDISAT 5B             
1 43833U 18102C   19291.76604978  .00000460  00000-0  33648-4 0  9990
2 43833  97.5971   6.2364 0013883 275.3978 237.5594 15.08378631 47565
GOES 1 (SMS-C) [-]      
1 08366U 75100A   19291.54102257 -.00000218  00000-0  00000+0 0  9995
2 08366  10.4785 308.0418 0004381 312.9933 235.3097  1.00298152160802
GOES 2 [-]              
1 10061U 77048A   19291.25231465  .00000044  00000-0  00000+0 0  9991
2 10061  11.8851 317.8617 0016174 347.6748  58.9389  0.99394253 99324
GOES 3 [-]              
1 10953U 78062A   19291.27725663  .00000076  00000-0  00000+0 0  9993
2 10953  12.1171 321.7545 0003017 344.6000  55.6599  0.99358399104412
GOES 4 [-]              
1 11964U 80074A   19291.21391646  .00000063  00000-0  00000+0 0  9992
2 11964  12.9809 325.5009 0033597  37.4629 143.2489  0.99228851103474
GOES 5 [-]              
1 12472U 81049A   19291.44146726 -.00000250  00000-0  00000+0 0  9991
2 12472  13.4589 336.0696 0003502 302.1666 188.2783  1.00320834 98550
GOES 6 [-]              
1 14050U 83041A   19291.40143490 -.00000231  00000-0  00000+0 0  9999
2 14050  13.8327 341.0935 0000722 328.2132 138.3346  1.00310061191655
GOES 7 [-]              
1 17561U 87022A   19290.58234885 -.00000337  00000-0  00000+0 0  9996
2 17561  14.9240 357.2186 0005966 349.0005   4.5911  0.99898495102667
GOES 8 [-]              
1 23051U 94022A   19290.72585199 -.00000171  00000-0  00000+0 0  9994
2 23051  12.3127  31.4682 0005466 289.2538  82.0860  0.98905004100045
GOES 9 [-]              
1 23581U 95025A   19290.92387755 -.00000056  00000-0  00000+0 0  9998
2 23581  11.8019  31.3222 0001927  95.0540 260.5090  0.98800484 88702
GOES 10 [-]             
1 24786U 97019A   19290.99111595 -.00000144  00000-0  00000+0 0  9993
2 24786  10.3233  36.7780 0027716 185.4512 166.2956  0.99126063 81933
GOES 11 [-]             
1 26352U 00022A   19291.23607437 -.00000274  00000-0  00000+0 0  9999
2 26352   6.6684  66.7738 0004529 186.4903  12.2160  0.99045867 70892
GOES 12 [-]             
1 26871U 01031A   19291.36762613 -.00000052  00000-0  00000+0 0  9992
2 26871   7.8147  54.2640 0007789 251.2551 307.4714  0.99135122 66602
GOES 13 [B]             
1 29155U 06018A   19291.50396725  .00000044  00000-0  00000+0 0  9993
2 29155   0.0840  80.0292 0009042 168.0955 145.2635  0.99994264 49119
GOES 14 [S]             
1 35491U 09033A   19291.50491368 -.00000092  00000-0  00000+0 0  9996
2 35491   0.2808 279.1990 0012892 301.8147 243.2911  1.00272599 37754
GOES 15 [+]             
1 36411U 10008A   19291.48679538  .00000058  00000-0  00000+0 0  9998
2 36411   0.2880 278.2994 0002550 257.1585 258.3498  1.00264559 35268
GOES 16 [+]             
1 41866U 16071A   19291.47754340 -.00000246  00000-0  00000+0 0  9998
2 41866   0.0409  50.7773 0000743 201.4573 231.1883  1.00271895 10702
GOES-S [+]              
1 43226U 18022A   19291.72966090  .00000100  00000-0  00000+0 0  9991
2 43226   0.0103 350.5526 0000503 256.4034 265.4750  1.00272217  6031
SARSAT 7 (NOAA 15)      
1 25338U 98030A   19291.51141613  .00000017  00000-0  25999-4 0  9991
2 25338  98.7406 312.5222 0009456 246.5943 113.4242 14.25935253114609
METEOSAT-8 (MSG-1)      
1 27509U 02040B   19289.49073705  .00000145  00000-0  00000+0 0  9992
2 27509   6.2947  55.0816 0000532 194.7041 352.9382  1.00271693 62823
GPS BIIR-08             
1 27663U 03005A   19291.14411387 -.00000012  00000-0  00000+0 0  9996
2 27663  56.2330 311.5357 0107145  32.0619  45.6548  2.00566316122487
GPS BIIR-11             
1 28190U 04009A   19291.43440597 -.00000069  00000-0  00000+0 0  9996
2 28190  56.2794  12.3014 0090827  86.9158 352.1333  2.00566568114160
GPS BIIR-12             
1 28361U 04023A   19291.27220162  .00000027  00000-0  00000+0 0  9991
2 28361  54.0495 185.2950 0134084 233.1474   0.6172  2.00555308112247
GPS BIIR-13             
1 28474U 04045A   19291.44332937 -.00000018  00000-0  00000+0 0  9994
2 28474  54.8065  62.7556 0194932 262.1765  96.6729  2.00577281109611
SARSAT 10 (NOAA 18)     
1 28654U 05018A   19291.47815106  .00000070  00000-0  63010-4 0  9994
2 28654  99.0820 340.1917 0014192 191.5450 168.5398 14.12459581742702
GPS BIIR-14M            
1 28874U 05038A   19291.38516819 -.00000069  00000-0  00000+0 0  9993
2 28874  56.3955   9.6687 0134921 262.8606 159.0819  2.00574431103014
METEOSAT-9 (MSG-2)      
1 28912U 05049B   19291.27777314  .00000023  00000-0  00000+0 0  9994
2 28912   3.9116  70.8765 0001305 133.8547 285.0456  1.00272949 50679
GOES 13                 
1 29155U 06018A   19291.50396725  .00000044  00000-0  00000+0 0  9993
2 29155   0.0840  80.0292 0009042 168.0955 145.2635  0.99994264 49119
SARSAT 11 (METOP-A)     
1 29499U 06044A   19291.45557042 -.00000000  00000-0  19363-4 0  9998
2 29499  98.5608 341.1027 0000708 121.0154 302.1242 14.21485670674366
GPS BIIR-16M            
1 29601U 06052A   19291.34746562 -.00000009  00000-0  00000+0 0  9999
2 29601  56.2154 310.4446 0072730  62.4416 298.3354  2.00576492 94649
GPS BIIR-17M            
1 32260U 07047A   19291.16530183  .00000028  00000-0  00000+0 0  9999
2 32260  53.1729 180.8747 0117042  46.4557 314.5964  2.00573578 88019
GPS BIIR-18M            
1 32384U 07062A   19291.55338372 -.00000069  00000-0  00000+0 0  9998
2 32384  56.4836  10.3135 0009305 124.1135 288.5939  2.00563476 86765
SARSAT 12 (NOAA 19)     
1 33591U 09005A   19291.53740296 -.00000011  00000-0  19523-4 0  9990
2 33591  99.1889 285.6588 0014615  40.0046 320.2199 14.12380030551100
GOES 14                 
1 35491U 09033A   19291.50491368 -.00000092  00000-0  00000+0 0  9996
2 35491   0.2808 279.1990 0012892 301.8147 243.2911  1.00272599 37754
GOES 15                 
1 36411U 10008A   19291.48679538  .00000058  00000-0  00000+0 0  9998
2 36411   0.2880 278.2994 0002550 257.1585 258.3498  1.00264559 35268
GLONASS-K 1             
1 37372U 11009A   19290.92675633 -.00000037  00000-0  00000+0 0  9995
2 37372  65.7854  35.9193 0009396 220.6995 141.3926  2.13107587 67226
GPS BIIF-2              
1 37753U 11036A   19291.27537716 -.00000009  00000-0  00000+0 0  9995
2 37753  56.0049  66.8701 0089748  42.8718 319.9900  2.00567238 60454
GSAT0101 (GALILEO-PFM)  
1 37846U 11060A   19288.17346725 -.00000052  00000-0  00000+0 0  9996
2 37846  56.4661  48.0709 0001012 342.8938  17.0925  1.70475644 49709
GSAT0102 (GALILEO-FM2)  
1 37847U 11060B   19289.85699574 -.00000047  00000-0  00000+0 0  9990
2 37847  56.4679  48.0236 0002697 294.7738  64.4646  1.70475627 49726
LUCH 5A                 
1 37951U 11074B   19291.21744714 -.00000040  00000-0  00000+0 0  9994
2 37951   2.7269 123.3803 0002883  66.7710  81.6218  1.00269682 28786
METEOSAT-10 (MSG-3)     
1 38552U 12035B   19291.41090909  .00000064  00000-0  00000+0 0  9997
2 38552   1.0848 347.2846 0002121 236.7215 319.9136  1.00272162 26812
SARSAT 13 (METOP-B)     
1 38771U 12049A   19291.14851741 -.00000034  00000-0  44284-5 0  9990
2 38771  98.7288 348.7138 0001288  46.5995 340.3371 14.21480863367454
GPS BIIF-3              
1 38833U 12053A   19291.26245176  .00000023  00000-0  00000+0 0  9995
2 38833  53.7302 243.3544 0087438  33.8630 326.6822  2.00563109 51512
GSAT0103 (GALILEO-FM3)  
1 38857U 12055A   19288.21585660  .00000042  00000-0  00000+0 0  9990
2 38857  54.9417 168.5634 0001916 268.6353  91.4518  1.70473935 43617
GSAT0104 (GALILEO-FM4)  
1 38858U 12055B   19291.08306021  .00000046  00000-0  00000+0 0  9996
2 38858  54.9428 168.4836 0000808 300.2827  59.8147  1.70473828 43618
GPS BIIF-4              
1 39166U 13023A   19291.11845339 -.00000069  00000-0  00000+0 0  9995
2 39166  56.0707   6.4109 0071330  27.4854 332.9437  2.00566271 47052
INSAT-3D                
1 39216U 13038B   19291.58161142 -.00000154  00000-0  00000+0 0  9996
2 39216   0.0451 106.0350 0001322 115.4788  96.7580  1.00272370 22898
GPS BIIF-5              
1 39533U 14008A   19289.12513080  .00000010  00000-0  00000+0 0  9995
2 39533  53.8571 248.8512 0042439 196.8555 162.9815  2.00555116 41377
LUCH 5V                 
1 39727U 14023A   19290.93713741 -.00000265  00000-0  00000-0 0  9998
2 39727   0.9764 308.2636 0002103 260.0116 249.9330  1.00268037538111
GPS BIIF-6              
1 39741U 14026A   19291.39636154 -.00000009  00000-0  00000+0 0  9995
2 39741  55.9833  66.3915 0016575 288.9139  70.9047  2.00563372 39707
GPS BIIF-7              
1 40105U 14045A   19290.98816491  .00000029  00000-0  00000+0 0  9991
2 40105  54.5763 185.6777 0013001  96.5805 263.6469  2.00574421 38148
GSAT0201 (GALILEO 5)    
1 40128U 14050A   19291.30934315 -.00000081  00000-0  00000+0 0  9994
2 40128  50.5786  11.0778 1664922  91.5561 287.4951  1.85519543 35105
GSAT0202 (GALILEO 6)    
1 40129U 14050B   19290.49598499 -.00000083  00000-0  00000+0 0  9995
2 40129  50.6202  10.1381 1663618  92.3724 286.6870  1.85520176 35285
GPS BIIF-8              
1 40294U 14068A   19290.86379794  .00000053  00000-0  00000-0 0  9990
2 40294  55.2294 126.5711 0024243  40.4258 319.8237  2.00561525 36388
GLONASS-K 2             
1 40315U 14075A   19291.06536464  .00000041  00000-0  00000+0 0  9990
2 40315  63.9914 275.3691 0017638 212.1621 357.1776  2.13098591 37981
GPS BIIF-9              
1 40534U 15013A   19290.99839552 -.00000009  00000-0  00000+0 0  9996
2 40534  54.4159 304.8824 0040143   3.5040 356.5545  2.00562199 33439
GSAT0203 (GALILEO 7)    
1 40544U 15017A   19289.12677257 -.00000049  00000-0  00000-0 0  9991
2 40544  56.2586  48.2127 0003835 224.2857 135.6763  1.70475270 27670
GSAT0204 (GALILEO 8)    
1 40545U 15017B   19288.90849397 -.00000050  00000-0  00000-0 0  9995
2 40545  56.2648  48.2336 0003248 183.7341 176.2554  1.70475528 28336
GPS BIIF-10             
1 40730U 15033A   19290.66236728 -.00000070  00000-0  00000+0 0  9994
2 40730  55.5929   5.7135 0046051 343.5775  16.3285  2.00575996 31183
METEOSAT-11 (MSG-4)     
1 40732U 15034A   19291.41646603  .00000001  00000-0  00000+0 0  9991
2 40732   0.7962 249.2042 0000735 274.0276  13.6619  1.00263752 15635
GSAT0205 (GALILEO 9)    
1 40889U 15045A   19290.32486998  .00000007  00000-0  00000+0 0  9990
2 40889  56.3497 288.8150 0003106 329.7114  30.2728  1.70474877 25503
GSAT0206 (GALILEO 10)   
1 40890U 15045B   19288.78476753  .00000003  00000-0  00000-0 0  9994
2 40890  56.3498 288.8538 0002508 294.7433  65.2345  1.70474943 25503
GPS BIIF-11             
1 41019U 15062A   19291.20775804  .00000053  00000-0  00000+0 0  9991
2 41019  55.2291 126.3763 0050353 205.2055 154.6152  2.00564648 29015
ELEKTRO-L 2             
1 41105U 15074A   19291.86661565 -.00000095  00000-0  00000+0 0  9997
2 41105   0.6269 102.3224 0000886  77.6601 235.0681  1.00273064 14125
GSAT0209 (GALILEO 12)   
1 41174U 15079A   19288.95695655  .00000045  00000-0  00000+0 0  9995
2 41174  54.9553 168.2385 0003973 325.5685  34.5160  1.70473131 23820
GSAT0208 (GALILEO 11)   
1 41175U 15079B   19290.93652697  .00000046  00000-0  00000+0 0  9997
2 41175  54.9547 168.1840 0003161 332.6447  27.4448  1.70473000 23862
GPS BIIF-12             
1 41328U 16007A   19290.80006732  .00000030  00000-0  00000+0 0  9991
2 41328  54.8172 186.1074 0033818 218.6347 141.2017  2.00567454 27062
GSAT0211 (GALILEO 14)   
1 41549U 16030A   19289.29851406  .00000005  00000-0  00000+0 0  9991
2 41549  56.4915 288.6710 0004534 285.0897  74.8628  1.70474707 21120
GSAT0210 (GALILEO 13)   
1 41550U 16030B   19290.17811990  .00000007  00000-0  00000+0 0  9998
2 41550  56.4904 288.6486 0004735 261.0394  98.9088  1.70474623 21134
INSAT-3DR               
1 41752U 16054A   19291.79447153 -.00000075  00000-0  00000+0 0  9999
2 41752   0.1307  95.8845 0012481 171.3665 119.7744  1.00271352 11406
GSAT0207 (GALILEO 15)   
1 41859U 16069A   19290.42320993  .00000046  00000-0  00000+0 0  9991
2 41859  54.6142 168.6221 0003402 312.4868  47.5920  1.70472954 18126
GSAT0212 (GALILEO 16)   
1 41860U 16069B   19289.69008038  .00000045  00000-0  00000-0 0  9993
2 41860  54.6116 168.6418 0003159 342.8318  17.2667  1.70472990 18136
GSAT0213 (GALILEO 17)   
1 41861U 16069C   19291.22921455  .00000045  00000-0  00000+0 0  9992
2 41861  54.6144 168.6023 0002176 285.2295  74.8511  1.70473118 18165
GSAT0214 (GALILEO 18)   
1 41862U 16069D   19289.61643765  .00000045  00000-0  00000+0 0  9998
2 41862  54.6125 168.6430 0001605 302.4793  57.6143  1.70473011 18126
GOES 16                 
1 41866U 16071A   19291.47754340 -.00000246  00000-0  00000+0 0  9998
2 41866   0.0409  50.7773 0000743 201.4573 231.1883  1.00271895 10702
GSAT-17                 
1 42815U 17040B   19291.08027105 -.00000255  00000-0  00000+0 0  9999
2 42815   0.0880  94.9361 0005739 151.8056 261.9662  1.00273091  8463
GSAT0215 (GALILEO 19)   
1 43055U 17079A   19290.10471379  .00000006  00000-0  00000+0 0  9999
2 43055  56.4652 288.4966 0004118 255.7021 104.2538  1.70473800 11472
GSAT0216 (GALILEO 20)   
1 43056U 17079B   19290.98424092  .00000009  00000-0  00000+0 0  9999
2 43056  56.4647 288.4721 0005986 261.2001  98.7341  1.70473872 11478
GSAT0217 (GALILEO 21)   
1 43057U 17079C   19290.61765673  .00000008  00000-0  00000+0 0  9992
2 43057  56.4633 288.4832 0005390 269.4463  90.4936  1.70473925 11487
GSAT0218 (GALILEO 22)   
1 43058U 17079D   19290.83763108  .00000008  00000-0  00000+0 0  9998
2 43058  56.4631 288.4744 0006463 259.0623 100.8668  1.70473857 11485
GOES 17                 
1 43226U 18022A   19291.72966090  .00000100  00000-0  00000+0 0  9991
2 43226   0.0103 350.5526 0000503 256.4034 265.4750  1.00272217  6031
GSAT0221 (GALILEO 25)   
1 43564U 18060A   19291.32581421 -.00000044  00000-0  00000+0 0  9993
2 43564  56.6502  47.7153 0004015 248.3264 111.6311  1.70476229  7687
GSAT0222 (GALILEO 26)   
1 43565U 18060B   19289.78594870 -.00000048  00000-0  00000-0 0  9998
2 43565  56.6513  47.7565 0003479 255.7276 104.2290  1.70476313  7694
GSAT0219 (GALILEO 23)   
1 43566U 18060C   19290.59260234 -.00000046  00000-0  00000+0 0  9991
2 43566  56.6524  47.7359 0003381 247.7597 112.2025  1.70476124  7681
GSAT0220 (GALILEO 24)   
1 43567U 18060D   19291.39904155 -.00000044  00000-0  00000+0 0  9996
2 43567  56.6534  47.7152 0003469 250.4815 109.4815  1.70476042  7678
BEIDOU-3 M13            
1 43622U 18072A   19291.24021425  .00000054  00000-0  00000+0 0  9995
2 43622  55.0589 144.1103 0004760 292.0173 230.7846  1.86231994  7321
BEIDOU-3 M14            
1 43623U 18072B   19291.15416341  .00000054  00000-0  00000+0 0  9991
2 43623  55.0608 144.1031 0004258 326.6523 228.6208  1.86232064  7326
BEIJING 1               
1 28890U 05043A   19291.76497518  .00000027  00000-0  14789-4 0  9990
2 28890  97.9995  63.1332 0014884 350.2725   9.8194 14.61269626745071
HJ-1A                   
1 33320U 08041A   19291.74669655  .00000092  00000-0  20129-4 0  9993
2 33320  97.8251 346.6028 0026296 142.2937 218.0118 14.77048067598778
HJ-1B                   
1 33321U 08041B   19291.76559803  .00000136  00000-0  26227-4 0  9993
2 33321  97.8327 348.6306 0035066 161.8496 198.3975 14.77167573598771
YAOGAN 4                
1 33446U 08061A   19291.67828548  .00000066  00000-0  16246-4 0  9990
2 33446  97.6906 252.9953 0017339  51.3411 308.9348 14.76979594585994
DEIMOS-1                
1 35681U 09041A   19291.78874670  .00000137  00000-0  29558-4 0  9990
2 35681  97.8413 169.4315 0002851  98.3819 261.7718 14.71803631548698
UK-DMC 2                
1 35683U 09041C   19291.77023092 -.00000010  00000-0  57971-5 0  9997
2 35683  97.7209 142.1766 0001751  95.2930 264.8489 14.71115693548499
RISAT 1                 
1 38248U 12017A   19291.64544270  .00000414  00000-0  29433-4 0  9994
2 38248  97.5708 298.8386 0004505  19.2769 340.8629 15.09902877411999
DMC3-FM1                
1 40715U 15032A   19291.71830390  .00000030  00000-0  12212-4 0  9996
2 40715  97.9541 185.3370 0014436 285.6940  74.2679 14.73683725229906
DMC3-FM2                
1 40716U 15032B   19291.74145197  .00000014  00000-0  98110-5 0  9998
2 40716  97.9557 185.6403 0011914 296.1427  63.8557 14.73685022229911
DMC3-FM3                
1 40717U 15032C   19291.69602577  .00000014  00000-0  97878-5 0  9993
2 40717  97.9560 186.2926 0015462 287.0535  72.8981 14.73674844229904
TDRS 3                  
1 19548U 88091B   19291.35774536 -.00000294  00000-0  00000+0 0  9990
2 19548  14.2914 359.6169 0035362 312.5186 154.0590  1.00281935100963
HST                     
1 20580U 90037B   19290.90277208  .00000406  00000-0  13785-4 0  9998
2 20580  28.4686 130.4028 0002660 353.1410 136.8485 15.09282302419135
TDRS 5                  
1 21639U 91054B   19291.75455410  .00000091  00000-0  00000+0 0  9992
2 21639  14.4180  12.8848 0020393   0.4757 117.6827  1.00277790103304
TDRS 6                  
1 22314U 93003B   19291.13973483 -.00000288  00000-0  00000+0 0  9995
2 22314  14.0918  15.9822 0000966 248.6218 125.8801  1.00281358 97971
TDRS 7                  
1 23613U 95035B   19291.72468279 -.00000196  00000-0  00000+0 0  9990
2 23613  14.2343   6.6760 0026505  22.8720 342.9794  1.00276538 88756
ISS (ZARYA)             
1 25544U 98067A   19291.85963697  .00000354  00000-0  14154-4 0  9996
2 25544  51.6428 108.0233 0006988 161.2962 297.3605 15.50203333194442
LANDSAT 7               
1 25682U 99020A   19291.74411200  .00000013  00000-0  12817-4 0  9991
2 25682  98.1167 356.1345 0001003  96.0124 264.1189 14.57157092 90898
TERRA                   
1 25994U 99068A   19291.69816651 -.00000290  00000-0 -54235-4 0  9991
2 25994  98.1984   4.3661 0001617  95.7319 264.4049 14.57113962 54961
TDRS 8                  
1 26388U 00034A   19290.82497340 -.00000226  00000-0  00000+0 0  9992
2 26388   8.8526  49.2345 0011477 295.3748  67.6153  1.00277489 70769
TIMED                   
1 26998U 01055B   19290.84096733  .00000088  00000-0  13633-4 0  9992
2 26998  74.0729  58.1392 0001883 246.3273 113.7710 14.88138688968255
TDRS 9                  
1 27389U 02011A   19291.41442208 -.00000280  00000-0  00000+0 0  9990
2 27389   6.9879  69.6793 0020058 255.0432 148.9122  1.00270894 66039
AQUA                    
1 27424U 02022A   19291.87282410  .00000083  00000-0  28446-4 0  9998
2 27424  98.2051 230.9085 0002667  44.4681  48.6212 14.57113921928591
TDRS 10                 
1 27566U 02055A   19291.68685003  .00000097  00000-0  00000+0 0  9991
2 27566   6.4871  54.6906 0003847 263.3532 144.9172  1.00271644 61820
SORCE                   
1 27651U 03004A   19290.38227218  .00000060  00000-0  20506-4 0  9995
2 27651  39.9951 251.0604 0022295 106.7055 253.6183 14.89040947907843
AURA                    
1 28376U 04026A   19291.79186280  .00000086  00000-0  29038-4 0  9991
2 28376  98.2052 232.9863 0001351  69.4396 290.6947 14.57111020811621
SWIFT                   
1 28485U 04047A   19291.14875937  .00000822  00000-0  25789-4 0  9995
2 28485  20.5572 287.9356 0010957 218.8471 141.1175 15.04458580816806
THEMIS A                
1 30580U 07004A   19289.88694221 -.00000430  00000-0  00000+0 0  9993
2 30580  10.9773  73.1414 8407703 338.1020   0.7391  0.87836740 44552
THEMIS D                
1 30797U 07004D   19287.81394595 -.00000623  00000-0  00000+0 0  9999
2 30797  10.0137  43.4678 8607013  11.2692 358.9633  0.71853134 44263
THEMIS E                
1 30798U 07004E   19290.35278017 -.00000432  00000-0  00000+0 0  9991
2 30798   8.9151  56.7767 8443688 359.8873 359.6034  0.81732060 44594
AIM                     
1 31304U 07015A   19291.06333586  .00000567  00000-0  35914-4 0  9994
2 31304  97.9378 159.2746 0006542 105.1346 255.0607 15.13250910683871
FGRST (GLAST)           
1 33053U 08029A   19291.46061273  .00000501  00000-0  11897-4 0  9990
2 33053  25.5832 315.0547 0012727  75.1340 285.0604 15.11262917626537
WISE                    
1 36119U 09071A   19291.03691763  .00000551  00000-0  21698-4 0  9995
2 36119  97.3605 325.1334 0003361 140.5583 219.5903 15.29764679546608
TDRS 11                 
1 39070U 13004A   19291.75266255  .00000079  00000-0  00000+0 0  9992
2 39070   4.1909 330.3524 0000765  53.6558  99.5374  1.00276719 24583
TDRS 12                 
1 39504U 14004A   19291.43868896 -.00000270  00000-0  00000+0 0  9993
2 39504   4.9626 337.0680 0004122 226.6604 299.6738  1.00279693 21040
GPM-CORE                
1 39574U 14009C   19291.79037132  .00002528  00000-0  41129-4 0  9994
2 39574  65.0065 256.9323 0010945 281.9244  78.0674 15.55456072320301
MMS 1                   
1 40482U 15011A   19282.01074074 -.00000382  00000-0  00000+0 0  9994
2 40482  19.3284 119.6551 8924623  15.7290  53.0333  0.28569138 10496
MMS 2                   
1 40483U 15011B   19285.01567863 -.00000091  00000-0  00000+0 0  9998
2 40483  19.4449 119.6575 8899670  15.7594   1.8109  0.28599750 10481
MMS 3                   
1 40484U 15011C   19282.01327546 -.00000381  00000-0  00000+0 0  9990
2 40484  19.3342 119.7029 8924003  15.6734  53.3158  0.28571430 10472
MMS 4                   
1 40485U 15011D   19291.28421514 -.00000145  00000-0  00000+0 0  9998
2 40485  19.7095 119.6931 8899993  15.8354 286.2247  0.28564926 10504
TDRS 13                 
1 42915U 17047A   19291.77737330 -.00000102  00000-0  00000+0 0  9992
2 42915   5.9464 330.2543 0010930  95.5252 229.6133  1.00272304  7970
JPSS-1                  
1 43013U 17073A   19291.53566708 -.00000000  00000-0  20682-4 0  9994
2 43013  98.7289 227.8804 0000878  66.8331 293.2937 14.19545714 99191